16766
449
5982
15432
8571
9854
10320
9271
20638
16000
24905
8849
21760
16717
32324
23479
30858
27645
14221
6165
19976
505
3957
11012
3199
2819
10314
16623
13505
12919
13958
22709
13630
11216
25415
27727
29
16493
13055
3251
18316
27286
17517
29944
21588
8634
31692
22714
10928
15354
28234
29120
29023
2284
8635
4316
20216
2456
29839
13843
12670
27079
16897
29694
13364
7806
5778
8816
6066
19909
2230
9306
57
25516
2509
17643
28228
30864
17236
28667
9567
27803
21597
18857
30012
23690
828
26947
6404
21427
14212
15207
8427
24390
20530
20328
6663
26323
10791
5107
